,model,threshold,split_1,split_2,accuracy,precision,recall,human effort
0,Decision Tree,0.8,0.1,0.01,87.56489493,89.0969163,92.17622484,9.987639061
1,Decision Tree,0.8,0.15,0.01,89.29542645,90.98360656,92.7459172,14.98145859
2,Decision Tree,0.8,0.2,0.01,90.60568603,93.04547191,92.48006077,20
3,Decision Tree,0.8,0.25,0.01,90.11124845,91.95791056,92.93581466,24.99381953
4,Decision Tree,0.8,0.3,0.01,90.16069221,92.1221259,92.82187619,29.98763906
5,Decision Tree,0.8,0.4,0.01,92.73176761,93.91663537,94.98670718,40
6,Decision Tree,0.8,0.1,0.03,87.3671199,89.5011169,91.30269654,9.987639061
7,Decision Tree,0.8,0.15,0.03,89.83930779,90.6959707,94.0372199,14.98145859
8,Decision Tree,0.8,0.2,0.03,89.88875155,91.83596689,92.70793771,20
9,Decision Tree,0.8,0.25,0.03,90.38318912,92.33962264,92.93581466,24.99381953
10,Decision Tree,0.8,0.3,0.03,90.58096415,92.91158537,92.59399924,29.98763906
11,Decision Tree,0.8,0.4,0.03,93.15203956,94.48640483,95.02468667,40
12,Decision Tree,0.8,0.1,0.05,87.66378245,89.60653304,91.68249145,9.987639061
13,Decision Tree,0.8,0.15,0.05,89.36959209,91.17757009,92.63197873,14.98145859
14,Decision Tree,0.8,0.2,0.05,90.08652658,92.49809596,92.25218382,20
15,Decision Tree,0.8,0.25,0.05,90.33374536,92.33383686,92.85985568,24.99381953
16,Decision Tree,0.8,0.3,0.05,90.92707046,93.04711246,93.01177364,29.98763906
17,Decision Tree,0.8,0.4,0.05,92.92954265,94.43392654,94.72085074,40
18,Decision Tree,0.8,0.1,0.08,87.68850433,89.3475857,92.06228637,9.987639061
19,Decision Tree,0.8,0.15,0.08,89.64153276,90.90909091,93.42954804,14.98145859
20,Decision Tree,0.8,0.2,0.08,89.74042027,92.19939117,92.02430687,20
21,Decision Tree,0.8,0.25,0.08,90.28430161,92.20045215,92.93581466,24.99381953
22,Decision Tree,0.8,0.3,0.08,90.33374536,92.81894576,92.29016331,29.98763906
23,Decision Tree,0.8,0.4,0.08,93.02843016,94.74685954,94.53095329,40
24,Decision Tree,0.8,0.1,0.1,87.93572311,89.30010993,92.55601975,9.987639061
25,Decision Tree,0.8,0.15,0.1,89.54264524,91.07806691,93.04975313,14.98145859
26,Decision Tree,0.8,0.2,0.1,89.34487021,92.11935731,91.45461451,20
27,Decision Tree,0.8,0.25,0.1,90.63040791,92.11509716,93.6194455,24.99381953
28,Decision Tree,0.8,0.3,0.1,90.30902349,92.71826153,92.36612229,29.98763906
29,Decision Tree,0.8,0.4,0.1,92.92954265,94.40030269,94.75883023,40
30,Decision Tree,0.8,0.1,0.15,87.91100124,89.55719557,92.17622484,9.987639061
31,Decision Tree,0.8,0.15,0.15,89.4684796,90.94619666,93.08773262,14.98145859
32,Decision Tree,0.8,0.2,0.15,89.71569839,92.1322691,92.06228637,20
33,Decision Tree,0.8,0.25,0.15,90.21013597,92.1916258,92.82187619,24.99381953
34,Decision Tree,0.8,0.3,0.15,90.65512979,92.82187619,92.82187619,29.98763906
35,Decision Tree,0.8,0.4,0.15,92.6328801,94.13988658,94.56893278,40
36,Decision Tree,0.85,0.1,0.01,87.88627936,89.84752696,91.75845044,9.987639061
37,Decision Tree,0.85,0.15,0.01,89.96291718,91.3479391,93.42954804,14.98145859
38,Decision Tree,0.85,0.2,0.01,89.29542645,91.41566265,92.21420433,20
39,Decision Tree,0.85,0.25,0.01,90.60568603,92.46136449,93.16369161,24.99381953
40,Decision Tree,0.85,0.3,0.01,90.30902349,92.88174512,92.17622484,29.98763906
41,Decision Tree,0.85,0.4,0.01,92.90482077,94.66869764,94.41701481,40
42,Decision Tree,0.85,0.1,0.03,87.96044499,89.74074074,92.02430687,9.987639061
43,Decision Tree,0.85,0.15,0.03,90.11124845,91.18406492,93.88530194,14.98145859
44,Decision Tree,0.85,0.2,0.03,90.01236094,92.36031927,92.29016331,20
45,Decision Tree,0.85,0.25,0.03,90.8776267,92.46061515,93.6194455,24.99381953
46,Decision Tree,0.85,0.3,0.03,90.72929543,92.7327782,93.04975313,29.98763906
47,Decision Tree,0.85,0.4,0.03,92.78121137,94.1198643,94.83478921,40
48,Decision Tree,0.85,0.1,0.05,87.46600742,89.78293413,91.11279909,9.987639061
49,Decision Tree,0.85,0.15,0.05,89.81458591,91.48300336,93.01177364,14.98145859
50,Decision Tree,0.85,0.2,0.05,90.45735476,92.93083684,92.36612229,20
51,Decision Tree,0.85,0.25,0.05,90.90234858,92.88148429,93.16369161,24.99381953
52,Decision Tree,0.85,0.3,0.05,90.25957973,92.4857685,92.55601975,29.98763906
53,Decision Tree,0.85,0.4,0.05,92.90482077,94.46550417,94.64489176,40
54,Decision Tree,0.85,0.1,0.08,88.15822002,89.62472406,92.51804026,9.987639061
55,Decision Tree,0.85,0.15,0.08,89.81458591,90.66276089,94.0372199,14.98145859
56,Decision Tree,0.85,0.2,0.08,89.19653894,91.34036145,92.13824535,20
57,Decision Tree,0.85,0.25,0.08,91.00123609,92.50655676,93.77136346,24.99381953
58,Decision Tree,0.85,0.3,0.08,90.95179234,93.34608031,92.70793771,29.98763906
59,Decision Tree,0.85,0.4,0.08,92.95426452,94.10217881,95.13862514,40
60,Decision Tree,0.85,0.1,0.1,87.58961681,89.47758429,91.72047095,9.987639061
61,Decision Tree,0.85,0.15,0.1,90.08652658,91.12011791,93.92328143,14.98145859
62,Decision Tree,0.85,0.2,0.1,89.86402967,92.02268431,92.44208128,20
63,Decision Tree,0.85,0.25,0.1,90.16069221,92.31351761,92.59399924,24.99381953
64,Decision Tree,0.85,0.3,0.1,90.35846724,92.88718929,92.25218382,29.98763906
65,Decision Tree,0.85,0.4,0.1,93.05315204,94.57922669,94.75883023,40
66,Decision Tree,0.85,0.1,0.15,88.13349815,90.33345822,91.56855298,9.987639061
67,Decision Tree,0.85,0.15,0.15,89.24598269,90.61345159,93.12571212,14.98145859
68,Decision Tree,0.85,0.2,0.15,89.74042027,92.16730038,92.06228637,20
69,Decision Tree,0.85,0.25,0.15,90.35846724,92.59399924,92.59399924,24.99381953
70,Decision Tree,0.85,0.3,0.15,91.10012361,93.19650323,93.12571212,29.98763906
71,Decision Tree,0.85,0.4,0.15,92.85537701,94.09330324,94.98670718,40
72,Decision Tree,0.9,0.1,0.01,88.05933251,89.4350697,92.59399924,9.987639061
73,Decision Tree,0.9,0.15,0.01,89.71569839,90.94939047,93.50550703,14.98145859
74,Decision Tree,0.9,0.2,0.01,89.71569839,92.10026586,92.10026586,20
75,Decision Tree,0.9,0.25,0.01,90.75401731,92.47837533,93.39156855,24.99381953
76,Decision Tree,0.9,0.3,0.01,90.55624227,92.97441772,92.48006077,29.98763906
77,Decision Tree,0.9,0.4,0.01,92.83065513,94.22423556,94.79680972,40
78,Decision Tree,0.9,0.1,0.03,87.91100124,89.79213066,91.87238891,9.987639061
79,Decision Tree,0.9,0.15,0.03,89.71569839,91.25418683,93.12571212,14.98145859
80,Decision Tree,0.9,0.2,0.03,89.592089,91.98936978,92.02430687,20
81,Decision Tree,0.9,0.25,0.03,90.63040791,92.49622926,93.16369161,24.99381953
82,Decision Tree,0.9,0.3,0.03,90.45735476,92.66995822,92.66995822,29.98763906
83,Decision Tree,0.9,0.4,0.03,92.95426452,94.33534743,94.8727687,40
84,Decision Tree,0.9,0.1,0.05,88.05933251,89.09090909,93.04975313,9.987639061
85,Decision Tree,0.9,0.15,0.05,89.34487021,90.74759437,93.12571212,14.98145859
86,Decision Tree,0.9,0.2,0.05,89.27070457,91.91765154,91.56855298,20
87,Decision Tree,0.9,0.25,0.05,90.23485785,92.06766917,93.01177364,24.99381953
88,Decision Tree,0.9,0.3,0.05,90.21013597,92.70714013,92.21420433,29.98763906
89,Decision Tree,0.9,0.4,0.05,93.17676143,94.69093667,94.83478921,40
90,Decision Tree,0.9,0.1,0.08,87.78739184,89.802754,91.64451196,9.987639061
91,Decision Tree,0.9,0.15,0.08,89.19653894,90.69681245,92.93581466,14.98145859
92,Decision Tree,0.9,0.2,0.08,89.22126082,91.62561576,91.83440942,20
93,Decision Tree,0.9,0.25,0.08,90.23485785,92.64481707,92.3281428,24.99381953
94,Decision Tree,0.9,0.3,0.08,90.43263288,92.82990084,92.44208128,29.98763906
95,Decision Tree,0.9,0.4,0.08,92.70704574,94.11320755,94.72085074,40
96,Decision Tree,0.9,0.1,0.1,86.92212608,89.57863055,90.42916825,9.987639061
97,Decision Tree,0.9,0.15,0.1,89.78986403,91.11111111,93.42954804,14.98145859
98,Decision Tree,0.9,0.2,0.1,89.4684796,91.87855787,91.94834789,20
99,Decision Tree,0.9,0.25,0.1,90.80346106,92.90322581,92.97379415,24.99381953
100,Decision Tree,0.9,0.3,0.1,90.35846724,92.88718929,92.25218382,29.98763906
101,Decision Tree,0.9,0.4,0.1,93.07787392,94.3126177,95.10064565,40
102,Decision Tree,0.9,0.1,0.15,87.63906057,89.33972704,91.98632738,9.987639061
103,Decision Tree,0.9,0.15,0.15,89.9381953,91.1308204,93.65742499,14.98145859
104,Decision Tree,0.9,0.2,0.15,89.76514215,91.53874953,92.85985568,20
105,Decision Tree,0.9,0.25,0.15,90.45735476,92.09441738,93.35358906,24.99381953
106,Decision Tree,0.9,0.3,0.15,90.85290482,93.40237821,92.48006077,29.98763906
107,Decision Tree,0.9,0.4,0.15,93.12731768,94.35028249,95.13862514,40
108,Decision Tree,0.95,0.1,0.01,87.61433869,89.3648449,91.9103684,9.987639061
109,Decision Tree,0.95,0.15,0.01,89.78986403,91.32539092,93.16369161,14.98145859
110,Decision Tree,0.95,0.2,0.01,89.22126082,91.72047095,91.72047095,20
111,Decision Tree,0.95,0.25,0.01,90.16069221,92.15390419,92.7838967,24.99381953
112,Decision Tree,0.95,0.3,0.01,90.60568603,92.97977871,92.55601975,29.98763906
113,Decision Tree,0.95,0.4,0.01,93.07787392,94.3126177,95.10064565,40
114,Decision Tree,0.95,0.1,0.03,87.91100124,90.45283019,91.03684011,9.987639061
115,Decision Tree,0.95,0.15,0.03,89.9381953,91.34472511,93.39156855,14.98145859
116,Decision Tree,0.95,0.2,0.03,89.86402967,92.05448354,92.40410179,20
117,Decision Tree,0.95,0.25,0.03,90.77873918,92.60935143,93.27763008,24.99381953
118,Decision Tree,0.95,0.3,0.03,90.16069221,92.21760484,92.70793771,29.98763906
119,Decision Tree,0.95,0.4,0.03,92.80593325,94.25547997,94.72085074,40
120,Decision Tree,0.95,0.1,0.05,87.88627936,89.87718645,91.72047095,9.987639061
121,Decision Tree,0.95,0.15,0.05,89.592089,91.3303438,92.82187619,14.98145859
122,Decision Tree,0.95,0.2,0.05,89.86402967,92.24629418,92.17622484,20
123,Decision Tree,0.95,0.25,0.05,90.80346106,92.6121372,93.31560957,24.99381953
124,Decision Tree,0.95,0.3,0.05,90.38318912,92.53222138,92.70793771,29.98763906
125,Decision Tree,0.95,0.4,0.05,92.78121137,94.1198643,94.83478921,40
126,Decision Tree,0.95,0.1,0.08,87.44128554,89.16328787,91.87238891,9.987639061
127,Decision Tree,0.95,0.15,0.08,89.81458591,91.45203434,93.04975313,14.98145859
128,Decision Tree,0.95,0.2,0.08,89.17181706,91.90530737,91.41663502,20
129,Decision Tree,0.95,0.25,0.08,90.23485785,92.29024943,92.7459172,24.99381953
130,Decision Tree,0.95,0.3,0.08,90.67985167,93.2183908,92.40410179,29.98763906
131,Decision Tree,0.95,0.4,0.08,92.6328801,94.30740038,94.37903532,40
132,Decision Tree,0.95,0.1,0.1,87.71322621,89.43870015,91.98632738,9.987639061
133,Decision Tree,0.95,0.15,0.1,89.51792336,91.13594041,92.93581466,14.98145859
134,Decision Tree,0.95,0.2,0.1,89.41903585,92,91.72047095,20
135,Decision Tree,0.95,0.25,0.1,90.407911,92.63197873,92.63197873,24.99381953
136,Decision Tree,0.95,0.3,0.1,90.28430161,92.87901991,92.13824535,29.98763906
137,Decision Tree,0.95,0.4,0.1,92.80593325,94.08885542,94.9107482,40
138,Decision Tree,0.95,0.1,0.15,87.29295426,89.25527973,91.492594,9.987639061
139,Decision Tree,0.95,0.15,0.15,89.51792336,91.22807018,92.82187619,14.98145859
140,Decision Tree,0.95,0.2,0.15,89.76514215,92.07432689,92.21420433,20
141,Decision Tree,0.95,0.25,0.15,90.75401731,92.76789095,93.04975313,24.99381953
142,Decision Tree,0.95,0.3,0.15,90.70457355,93.08896525,92.59399924,29.98763906
143,Decision Tree,0.95,0.4,0.15,92.80593325,94.12207988,94.8727687,40
144,Decision Tree,0.99,0.1,0.01,87.96044499,89.36170213,92.51804026,9.987639061
145,Decision Tree,0.99,0.15,0.01,89.71569839,90.70877708,93.80934295,14.98145859
146,Decision Tree,0.99,0.2,0.01,89.74042027,92.29595728,91.9103684,20
147,Decision Tree,0.99,0.25,0.01,90.5315204,92.38884702,93.12571212,24.99381953
148,Decision Tree,0.99,0.3,0.01,90.8776267,93.0418251,92.93581466,29.98763906
149,Decision Tree,0.99,0.4,0.01,92.90482077,94.36459909,94.75883023,40
150,Decision Tree,0.99,0.1,0.03,87.4907293,89.75700935,91.18875807,9.987639061
151,Decision Tree,0.99,0.15,0.03,89.49320148,91.04089219,93.01177364,14.98145859
152,Decision Tree,0.99,0.2,0.03,90.03708282,92.1709531,92.55601975,20
153,Decision Tree,0.99,0.25,0.03,90.58096415,92.52265861,93.04975313,24.99381953
154,Decision Tree,0.99,0.3,0.03,90.45735476,92.50851305,92.85985568,29.98763906
155,Decision Tree,0.99,0.4,0.03,92.75648949,94.4191344,94.4549943,40
156,Decision Tree,0.99,0.1,0.05,87.26823239,90.11363636,90.35320927,9.987639061
157,Decision Tree,0.99,0.15,0.05,89.61681088,90.72506441,93.6194455,14.98145859
158,Decision Tree,0.99,0.2,0.05,89.19653894,91.4652568,91.98632738,20
159,Decision Tree,0.99,0.25,0.05,89.98763906,91.78544636,92.93581466,24.99381953
160,Decision Tree,0.99,0.3,0.05,90.75401731,92.86527514,92.93581466,29.98763906
161,Decision Tree,0.99,0.4,0.05,92.95426452,94.33534743,94.8727687,40
162,Decision Tree,0.99,0.1,0.08,88.20766378,89.86686391,92.29016331,9.987639061
163,Decision Tree,0.99,0.15,0.08,89.64153276,91.09131403,93.2016711,14.98145859
164,Decision Tree,0.99,0.2,0.08,89.81458591,91.85827365,92.55601975,20
165,Decision Tree,0.99,0.25,0.08,90.25957973,92.19751225,92.89783517,24.99381953
166,Decision Tree,0.99,0.3,0.08,90.63040791,92.85171103,92.7459172,29.98763906
167,Decision Tree,0.99,0.4,0.08,92.80593325,94.08885542,94.9107482,40
168,Decision Tree,0.99,0.1,0.1,88.08405439,89.49687844,92.55601975,9.987639061
169,Decision Tree,0.99,0.15,0.1,89.17181706,90.78409513,92.7838967,14.98145859
170,Decision Tree,0.99,0.2,0.1,89.49320148,91.97718631,91.87238891,20
171,Decision Tree,0.99,0.25,0.1,90.30902349,92.62076835,92.48006077,24.99381953
172,Decision Tree,0.99,0.3,0.1,90.38318912,92.43570348,92.82187619,29.98763906
173,Decision Tree,0.99,0.4,0.1,92.92954265,94.46760136,94.68287125,40
174,Decision Tree,0.99,0.1,0.15,87.93572311,90.51756706,90.99886062,9.987639061
175,Decision Tree,0.99,0.15,0.15,89.69097651,91.28166915,93.04975313,14.98145859
176,Decision Tree,0.99,0.2,0.15,89.88875155,92.24924012,92.21420433,20
177,Decision Tree,0.99,0.25,0.15,90.97651422,92.66365688,93.54348652,24.99381953
178,Decision Tree,0.99,0.3,0.15,90.33374536,92.59118541,92.55601975,29.98763906
179,Decision Tree,0.99,0.4,0.15,92.92954265,94.23294384,94.94872769,40
,Logistic Regression,0.8,0.1,0.01,94.41285538,94.26259654,97.34143562,34.09147095
,Logistic Regression,0.8,0.15,0.01,94.48702101,93.9460248,97.83516901,37.52781211
,Logistic Regression,0.8,0.2,0.01,94.70951792,94.28780666,97.79718952,40.71693449
,Logistic Regression,0.8,0.25,0.01,95.5500618,95.34195933,97.94910748,46.4276885
,Logistic Regression,0.8,0.3,0.01,95.52533993,95.00734214,98.2909229,48.99876391
,Logistic Regression,0.8,0.4,0.01,95.92088999,95.56868538,98.2909229,55.82200247
,Logistic Regression,0.8,0.1,0.03,95.22867738,95.05169867,97.75921003,36.81087763
,Logistic Regression,0.8,0.15,0.03,94.88257108,94.43223443,97.91112799,38.66501854
,Logistic Regression,0.8,0.2,0.03,94.88257108,94.53010279,97.79718952,41.77997528
,Logistic Regression,0.8,0.25,0.03,95.99505562,95.67467652,98.2909229,48.08405439
,Logistic Regression,0.8,0.3,0.03,96.06922126,95.74704142,98.32890239,50.38318912
,Logistic Regression,0.8,0.4,0.03,96.1433869,95.78558226,98.40486137,56.46477132
,Logistic Regression,0.8,0.1,0.05,95.2039555,95.0831793,97.68325104,36.86032138
,Logistic Regression,0.8,0.15,0.05,95.03090235,94.60748349,97.94910748,39.48084054
,Logistic Regression,0.8,0.2,0.05,95.10506799,94.71171502,97.94910748,43.06551298
,Logistic Regression,0.8,0.25,0.05,96.29171817,95.82871908,98.59475883,48.70210136
,Logistic Regression,0.8,0.3,0.05,96.06922126,95.57848195,98.51879985,51.29789864
,Logistic Regression,0.8,0.4,0.05,96.21755253,95.8240946,98.48082036,57.13226205
,Logistic Regression,0.8,0.1,0.08,95.40173053,95.2310536,97.83516901,37.52781211
,Logistic Regression,0.8,0.15,0.08,95.40173053,94.99816109,98.10102545,40.64276885
,Logistic Regression,0.8,0.2,0.08,95.42645241,95.09948416,98.02506646,44.15327565
,Logistic Regression,0.8,0.25,0.08,96.51421508,96.04582409,98.7086973,49.76514215
,Logistic Regression,0.8,0.3,0.08,96.26699629,95.82717873,98.55677934,51.74289246
,Logistic Regression,0.8,0.4,0.08,96.1433869,95.78558226,98.40486137,57.62669963
,Logistic Regression,0.8,0.1,0.1,95.2039555,95.0166113,97.75921003,36.83559951
,Logistic Regression,0.8,0.15,0.1,95.05562423,94.57676805,98.02506646,39.55500618
,Logistic Regression,0.8,0.2,0.1,95.25339926,94.88782641,97.98708697,44.40049444
,Logistic Regression,0.8,0.25,0.1,96.58838072,96.15242323,98.7086973,49.64153276
,Logistic Regression,0.8,0.3,0.1,96.34116193,95.93345656,98.55677934,51.96538937
,Logistic Regression,0.8,0.4,0.1,96.63782447,96.29217649,98.63273832,60.29666255
,Logistic Regression,0.8,0.1,0.15,95.2039555,95.0166113,97.75921003,37.05809642
,Logistic Regression,0.8,0.15,0.15,95.45117429,95.16783475,97.98708697,40.84054388
,Logistic Regression,0.8,0.2,0.15,95.40173053,95.09767785,97.98708697,46.10630408
,Logistic Regression,0.8,0.25,0.15,96.66254635,96.1908284,98.78465629,50.13597033
,Logistic Regression,0.8,0.3,0.15,96.46477132,96.07698001,98.59475883,52.48454883
,Logistic Regression,0.8,0.4,0.15,96.51421508,96.21661721,98.51879985,59.38195303
,Logistic Regression,0.85,0.1,0.01,95.94561187,95.63770795,98.25294341,40.96415328
,Logistic Regression,0.85,0.15,0.01,95.84672435,95.46292881,98.2909229,43.88133498
,Logistic Regression,0.85,0.2,0.01,96.6131026,96.32516704,98.55677934,49.09765142
,Logistic Regression,0.85,0.25,0.01,97.08281829,96.66048237,98.93657425,52.90482077
,Logistic Regression,0.85,0.3,0.01,96.53893696,96.18377177,98.59475883,54.11619283
,Logistic Regression,0.85,0.4,0.01,96.76143387,96.43652561,98.67071781,60.27194067
,Logistic Regression,0.85,0.1,0.03,96.44004944,96.24674842,98.36688188,43.43634116
,Logistic Regression,0.85,0.15,0.03,96.86032138,96.57992565,98.67071781,47.73794808
,Logistic Regression,0.85,0.2,0.03,96.41532756,96.07407407,98.51879985,49.07292954
,Logistic Regression,0.85,0.25,0.03,97.15698393,96.76820208,98.93657425,53.32509271
,Logistic Regression,0.85,0.3,0.03,96.88504326,96.51205937,98.78465629,55.08034611
,Logistic Regression,0.85,0.4,0.03,96.86032138,96.61458333,98.63273832,60.815822
,Logistic Regression,0.85,0.1,0.05,96.9592089,96.72375279,98.67071781,45.41409147
,Logistic Regression,0.85,0.15,0.05,96.76143387,96.43652561,98.67071781,47.09517923
,Logistic Regression,0.85,0.2,0.05,96.78615575,96.47233569,98.67071781,50.5315204
,Logistic Regression,0.85,0.25,0.05,97.20642769,96.80534918,98.97455374,54.16563659
,Logistic Regression,0.85,0.3,0.05,96.9592089,96.5504451,98.86061527,55.79728059
,Logistic Regression,0.85,0.4,0.05,97.08281829,96.83426443,98.74667679,61.95302843
,Logistic Regression,0.85,0.1,0.08,97.00865266,96.76098287,98.7086973,45.85908529
,Logistic Regression,0.85,0.15,0.08,96.88504326,96.68528864,98.59475883,48.00988875
,Logistic Regression,0.85,0.2,0.08,96.83559951,96.57865377,98.63273832,51.07540173
,Logistic Regression,0.85,0.25,0.08,97.3053152,97.05443699,98.86061527,54.7342398
,Logistic Regression,0.85,0.3,0.08,97.3053152,96.91449814,99.01253323,57.50309023
,Logistic Regression,0.85,0.4,0.08,97.3053152,96.98436337,98.93657425,62.76885043
,Logistic Regression,0.85,0.1,0.1,96.93448702,96.75736116,98.59475883,45.51297899
,Logistic Regression,0.85,0.15,0.1,96.51421508,96.38868206,98.32890239,46.47713226
,Logistic Regression,0.85,0.2,0.1,96.68726823,96.43255295,98.55677934,50.43263288
,Logistic Regression,0.85,0.25,0.1,97.4289246,97.13007827,98.97455374,55.72311496
,Logistic Regression,0.85,0.3,0.1,97.35475896,97.05663189,98.93657425,57.65142151
,Logistic Regression,0.85,0.4,0.1,97.33003708,97.05553485,98.89859476,63.11495674
,Logistic Regression,0.85,0.1,0.15,96.90976514,96.65178571,98.67071781,45.36464771
,Logistic Regression,0.85,0.15,0.15,96.93448702,96.72253259,98.63273832,48.1829419
,Logistic Regression,0.85,0.2,0.15,96.88504326,96.68528864,98.59475883,51.49567367
,Logistic Regression,0.85,0.25,0.15,97.10754017,96.83544304,98.78465629,54.78368356
,Logistic Regression,0.85,0.3,0.15,97.45364648,97.16629381,98.97455374,58.14585909
,Logistic Regression,0.85,0.4,0.15,97.33003708,97.09063782,98.86061527,64.02966625
,Logistic Regression,0.9,0.1,0.01,97.45364648,97.4137931,98.7086973,50.67985167
,Logistic Regression,0.9,0.15,0.01,97.50309023,97.30941704,98.89859476,53.52286774
,Logistic Regression,0.9,0.2,0.01,97.60197775,97.45508982,98.89859476,56.21755253
,Logistic Regression,0.9,0.25,0.01,97.84919654,97.64221557,99.08849221,60.24721879
,Logistic Regression,0.9,0.3,0.01,97.75030902,97.46079164,99.12647171,61.58220025
,Logistic Regression,0.9,0.4,0.01,97.99752781,97.75449102,99.20243069,67.29295426
,Logistic Regression,0.9,0.1,0.03,97.67614339,97.56463095,98.89859476,53.62175525
,Logistic Regression,0.9,0.15,0.03,97.70086527,97.56554307,98.93657425,55.47589617
,Logistic Regression,0.9,0.2,0.03,97.72558714,97.56645451,98.97455374,57.4289246
,Logistic Regression,0.9,0.25,0.03,97.87391842,97.64309764,99.12647171,60.9394314
,Logistic Regression,0.9,0.3,0.03,97.94808405,97.75280899,99.12647171,63.28800989
,Logistic Regression,0.9,0.4,0.03,98.14585909,97.93853073,99.24041018,68.47960445
,Logistic Regression,0.9,0.1,0.05,97.79975278,97.74774775,98.89859476,54.78368356
,Logistic Regression,0.9,0.15,0.05,97.84919654,97.71364318,99.01253323,56.90976514
,Logistic Regression,0.9,0.2,0.05,97.67614339,97.49345305,98.97455374,57.79975278
,Logistic Regression,0.9,0.25,0.05,97.97280593,97.82527184,99.08849221,61.95302843
,Logistic Regression,0.9,0.3,0.05,98.04697157,97.79191617,99.24041018,64.35105068
,Logistic Regression,0.9,0.4,0.05,98.2447466,98.04951238,99.27838967,69.39431397
,Logistic Regression,0.9,0.1,0.08,97.84919654,97.78528529,98.93657425,55.2039555
,Logistic Regression,0.9,0.15,0.08,97.75030902,97.60299625,98.97455374,56.04449938
,Logistic Regression,0.9,0.2,0.08,97.75030902,97.60299625,98.97455374,58.5908529
,Logistic Regression,0.9,0.25,0.08,98.17058096,97.97525309,99.24041018,63.48578492
,Logistic Regression,0.9,0.3,0.08,98.02224969,97.79108948,99.20243069,63.88133498
,Logistic Regression,0.9,0.4,0.08,98.31891224,98.12382739,99.31636916,71.47095179
,Logistic Regression,0.9,0.1,0.1,97.7750309,97.74690199,98.86061527,54.23980222
,Logistic Regression,0.9,0.15,0.1,97.87391842,97.75028121,99.01253323,57.3053152
,Logistic Regression,0.9,0.2,0.1,97.92336218,97.75196703,99.08849221,59.92583436
,Logistic Regression,0.9,0.25,0.1,98.09641533,97.93698425,99.1644512,63.26328801
,Logistic Regression,0.9,0.3,0.1,98.12113721,97.90183589,99.24041018,65.04326329
,Logistic Regression,0.9,0.4,0.1,98.29419036,98.12312312,99.27838967,70.43263288
,Logistic Regression,0.9,0.1,0.15,97.94808405,97.89631856,98.97455374,56.04449938
,Logistic Regression,0.9,0.15,0.15,97.87391842,97.75028121,99.01253323,57.20642769
,Logistic Regression,0.9,0.2,0.15,97.99752781,97.8978979,99.05051272,60.56860321
,Logistic Regression,0.9,0.25,0.15,98.09641533,97.90104948,99.20243069,62.66996292
,Logistic Regression,0.9,0.3,0.15,98.2447466,98.04951238,99.27838967,66.20519159
,Logistic Regression,0.9,0.4,0.15,98.31891224,98.15996996,99.27838967,70.60568603
,Logistic Regression,0.95,0.1,0.01,98.61557478,98.6409966,99.24041018,65.88380717
,Logistic Regression,0.95,0.15,0.01,98.68974042,98.67924528,99.31636916,67.51545117
,Logistic Regression,0.95,0.2,0.01,98.66501854,98.75236295,99.20243069,68.10877627
,Logistic Regression,0.95,0.25,0.01,98.66501854,98.49567507,99.46828712,70.13597033
,Logistic Regression,0.95,0.3,0.01,98.91223733,98.75706215,99.5822256,73.30037083
,Logistic Regression,0.95,0.4,0.01,98.93695921,98.86792453,99.50626662,76.90976514
,Logistic Regression,0.95,0.1,0.03,98.68974042,98.78971256,99.20243069,65.63658838
,Logistic Regression,0.95,0.15,0.03,98.93695921,98.97881997,99.39232814,70.23485785
,Logistic Regression,0.95,0.2,0.03,98.76390606,98.86492622,99.24041018,70.67985167
,Logistic Regression,0.95,0.25,0.03,98.78862794,98.64457831,99.50626662,72.9789864
,Logistic Regression,0.95,0.3,0.03,99.11001236,99.05553457,99.5822256,75.25339926
,Logistic Regression,0.95,0.4,0.03,98.98640297,98.90566038,99.54424611,77.75030902
,Logistic Regression,0.95,0.1,0.05,98.78862794,98.90234671,99.24041018,68.08405439
,Logistic Regression,0.95,0.15,0.05,98.7144623,98.67974349,99.35434865,66.74907293
,Logistic Regression,0.95,0.2,0.05,98.76390606,98.79108425,99.31636916,70.50679852
,Logistic Regression,0.95,0.25,0.05,99.11001236,99.01849755,99.62020509,74.2645241
,Logistic Regression,0.95,0.3,0.05,99.15945612,99.09331318,99.62020509,75.99505562
,Logistic Regression,0.95,0.4,0.05,99.03584672,99.01738473,99.50626662,78.73918418
,Logistic Regression,0.95,0.1,0.08,98.93695921,99.0530303,99.31636916,69.09765142
,Logistic Regression,0.95,0.15,0.08,98.96168109,99.01626939,99.39232814,71.19901112
,Logistic Regression,0.95,0.2,0.08,98.68974042,98.71601208,99.27838967,69.98763906
,Logistic Regression,0.95,0.25,0.08,99.28306551,99.24357035,99.65818458,76.1433869
,Logistic Regression,0.95,0.3,0.08,99.15945612,99.05624764,99.65818458,76.09394314
,Logistic Regression,0.95,0.4,0.08,99.08529048,99.05517763,99.54424611,78.83807169
,Logistic Regression,0.95,0.1,0.1,98.91223733,99.01552442,99.31636916,68.80098888
,Logistic Regression,0.95,0.15,0.1,99.01112485,99.01701323,99.46828712,71.29789864
,Logistic Regression,0.95,0.2,0.1,98.93695921,99.12746586,99.24041018,71.71817058
,Logistic Regression,0.95,0.25,0.1,98.96168109,98.94219872,99.46828712,73.34981459
,Logistic Regression,0.95,0.3,0.1,99.15945612,99.09331318,99.62020509,76.46477132
,Logistic Regression,0.95,0.4,0.1,99.11001236,99.0926276,99.54424611,79.67861557
,Logistic Regression,0.95,0.1,0.15,98.98640297,99.12812737,99.31636916,70.21013597
,Logistic Regression,0.95,0.15,0.15,99.01112485,99.05410518,99.43030763,71.32262052
,Logistic Regression,0.95,0.2,0.15,98.93695921,98.97881997,99.39232814,72.60815822
,Logistic Regression,0.95,0.25,0.15,99.28306551,99.24357035,99.65818458,76.31644005
,Logistic Regression,0.95,0.3,0.15,99.11001236,99.01849755,99.62020509,76.21755253
,Logistic Regression,0.95,0.4,0.15,99.13473424,99.09297052,99.5822256,79.75278121
,Logistic Regression,0.99,0.1,0.01,99.72805933,99.73444613,99.84808204,88.50432633
,Logistic Regression,0.99,0.15,0.01,99.75278121,99.77229602,99.84808204,89.86402967
,Logistic Regression,0.99,0.2,0.01,99.80222497,99.84808204,99.84808204,90.82818294
,Logistic Regression,0.99,0.25,0.01,99.85166873,99.88606153,99.88606153,91.07540173
,Logistic Regression,0.99,0.3,0.01,99.75278121,99.73454683,99.88606153,90.82818294
,Logistic Regression,0.99,0.4,0.01,99.77750309,99.7723824,99.88606153,92.55871446
,Logistic Regression,0.99,0.1,0.03,99.82694685,99.88601824,99.84808204,90.30902349
,Logistic Regression,0.99,0.15,0.03,99.80222497,99.84808204,99.84808204,91.05067985
,Logistic Regression,0.99,0.2,0.03,99.80222497,99.84808204,99.84808204,91.10012361
,Logistic Regression,0.99,0.25,0.03,99.87639061,99.92401216,99.88606153,91.44622991
,Logistic Regression,0.99,0.3,0.03,99.87639061,99.92401216,99.88606153,92.38566131
,Logistic Regression,0.99,0.4,0.03,99.87639061,99.92401216,99.88606153,93.07787392
,Logistic Regression,0.99,0.1,0.05,99.82694685,99.88601824,99.84808204,89.83930779
,Logistic Regression,0.99,0.15,0.05,99.82694685,99.88601824,99.84808204,91.27317676
,Logistic Regression,0.99,0.2,0.05,99.82694685,99.88601824,99.84808204,91.52039555
,Logistic Regression,0.99,0.25,0.05,99.92583436,100,99.88606153,92.60815822
,Logistic Regression,0.99,0.3,0.05,99.87639061,99.92401216,99.88606153,92.53399258
,Logistic Regression,0.99,0.4,0.05,99.85166873,99.88606153,99.88606153,93.37453646
,Logistic Regression,0.99,0.1,0.08,99.90111248,100,99.84808204,91.37206428
,Logistic Regression,0.99,0.15,0.08,99.90111248,100,99.84808204,91.79233622
,Logistic Regression,0.99,0.2,0.08,99.85166873,99.92398328,99.84808204,91.8170581
,Logistic Regression,0.99,0.25,0.08,99.87639061,99.92401216,99.88606153,92.9789864
,Logistic Regression,0.99,0.3,0.08,99.82694685,99.81031866,99.92404102,92.6328801
,Logistic Regression,0.99,0.4,0.08,99.87639061,99.92401216,99.88606153,94.51174289
,Logistic Regression,0.99,0.1,0.1,99.85166873,99.92398328,99.84808204,91.86650185
,Logistic Regression,0.99,0.15,0.1,99.85166873,99.92398328,99.84808204,91.24845488
,Logistic Regression,0.99,0.2,0.1,99.85166873,99.92398328,99.84808204,92.92954265
,Logistic Regression,0.99,0.25,0.1,99.87639061,99.92401216,99.88606153,92.88009889
,Logistic Regression,0.99,0.3,0.1,99.92583436,100,99.88606153,93.4487021
,Logistic Regression,0.99,0.4,0.1,99.87639061,99.92401216,99.88606153,94.36341162
,Logistic Regression,0.99,0.1,0.15,99.87639061,99.96197719,99.84808204,91.56983931
,Logistic Regression,0.99,0.15,0.15,99.90111248,100,99.84808204,91.96538937
,Logistic Regression,0.99,0.2,0.15,99.87639061,99.96197719,99.84808204,93.00370828
,Logistic Regression,0.99,0.25,0.15,99.87639061,99.92401216,99.88606153,93.05315204
,Logistic Regression,0.99,0.3,0.15,99.95055624,100,99.92404102,93.64647713
,Logistic Regression,0.99,0.4,0.15,99.87639061,99.92401216,99.88606153,95.30284302
,Random Forest,0.8,0.1,0.01,96.86032138,96.57992565,98.67071781,22.54635352
,Random Forest,0.8,0.1,0.03,96.98393078,96.79463287,98.63273832,23.63411619
,Random Forest,0.8,0.1,0.05,97.10754017,96.83544304,98.78465629,24.94437577
,Random Forest,0.8,0.1,0.08,97.18170581,96.8389736,98.89859476,25.56242274
,Random Forest,0.8,0.1,0.1,97.25587145,96.98211624,98.86061527,25.95797281
,Random Forest,0.8,0.15,0.01,97.05809642,96.79821296,98.74667679,26.8974042
,Random Forest,0.8,0.1,0.15,97.35475896,97.05663189,98.93657425,26.8974042
,Random Forest,0.85,0.1,0.01,97.65142151,97.49251497,98.93657425,27.14462299
,Random Forest,0.8,0.15,0.03,97.20642769,96.9099032,98.86061527,27.93572311
,Random Forest,0.8,0.15,0.05,97.20642769,96.97986577,98.78465629,28.55377009
,Random Forest,0.85,0.1,0.03,97.79975278,97.53363229,99.12647171,28.6526576
,Random Forest,0.8,0.15,0.08,97.25587145,96.98211624,98.86061527,28.92459827
,Random Forest,0.8,0.15,0.1,97.25587145,96.98211624,98.86061527,29.14709518
,Random Forest,0.85,0.1,0.05,97.92336218,97.64485981,99.20243069,29.74042027
,Random Forest,0.8,0.15,0.15,97.35475896,97.0917226,98.89859476,30.28430161
,Random Forest,0.85,0.1,0.08,97.84919654,97.6065819,99.12647171,30.48207664
,Random Forest,0.85,0.1,0.1,97.87391842,97.53639418,99.24041018,31.07540173
,Random Forest,0.85,0.15,0.01,97.92336218,97.6092641,99.24041018,31.10012361
,Random Forest,0.8,0.2,0.01,97.52781211,97.34579439,98.89859476,31.84177998
,Random Forest,0.85,0.15,0.03,97.94808405,97.68137622,99.20243069,32.06427689
,Random Forest,0.85,0.1,0.15,98.04697157,97.75617053,99.27838967,32.33621755
,Random Forest,0.8,0.2,0.03,97.65142151,97.42152466,99.01253323,32.75648949
,Random Forest,0.8,0.2,0.05,97.67614339,97.60029996,98.86061527,33.25092707
,Random Forest,0.85,0.15,0.05,98.04697157,97.79191617,99.24041018,33.30037083
,Random Forest,0.9,0.1,0.01,98.34363412,98.23308271,99.24041018,33.62175525
,Random Forest,0.85,0.15,0.08,98.04697157,97.86356822,99.1644512,33.86897404
,Random Forest,0.8,0.2,0.08,97.87391842,97.71449981,99.05051272,34.21508035
,Random Forest,0.85,0.15,0.1,98.09641533,97.86516854,99.24041018,34.33868974
,Random Forest,0.8,0.2,0.1,97.8986403,97.71535581,99.08849221,34.41285538
,Random Forest,0.85,0.15,0.15,98.17058096,97.97525309,99.24041018,35.05562423
,Random Forest,0.9,0.1,0.03,98.31891224,98.26872412,99.1644512,35.10506799
,Random Forest,0.8,0.2,0.15,97.92336218,97.75196703,99.08849221,35.27812114
,Random Forest,0.85,0.2,0.01,98.12113721,97.97373358,99.1644512,35.30284302
,Random Forest,0.8,0.25,0.01,97.70086527,97.45889387,99.05051272,35.77255871
,Random Forest,0.9,0.1,0.05,98.44252163,98.41748304,99.20243069,36.19283066
,Random Forest,0.85,0.2,0.03,98.26946848,98.12241833,99.24041018,36.73671199
,Random Forest,0.8,0.25,0.03,97.84919654,97.57100149,99.1644512,36.90976514
,Random Forest,0.9,0.15,0.01,98.49196539,98.3095417,99.39232814,37.20642769
,Random Forest,0.85,0.2,0.05,98.368356,98.23374671,99.27838967,37.65142151
,Random Forest,0.8,0.25,0.05,97.87391842,97.64309764,99.12647171,37.70086527
,Random Forest,0.9,0.1,0.08,98.51668727,98.3828507,99.35434865,37.72558714
,Random Forest,0.85,0.2,0.08,98.41779975,98.27132657,99.31636916,38.14585909
,Random Forest,0.8,0.25,0.08,97.94808405,97.68137622,99.20243069,38.31891224
,Random Forest,0.8,0.25,0.1,97.97280593,97.68224299,99.24041018,38.51668727
,Random Forest,0.9,0.1,0.1,98.54140915,98.49284099,99.27838967,38.51668727
,Random Forest,0.85,0.2,0.1,98.44252163,98.30827068,99.31636916,38.81334981
,Random Forest,0.9,0.15,0.03,98.66501854,98.49567507,99.46828712,39.01112485
,Random Forest,0.85,0.2,0.15,98.46724351,98.34524257,99.31636916,39.28306551
,Random Forest,0.85,0.25,0.01,98.22002472,97.94084613,99.35434865,39.35723115
,Random Forest,0.8,0.25,0.15,98.04697157,97.75617053,99.27838967,39.5302843
,Random Forest,0.9,0.15,0.05,98.64029666,98.42223892,99.50626662,39.62917182
,Random Forest,0.9,0.1,0.15,98.5908529,98.42105263,99.43030763,40.07416564
,Random Forest,0.8,0.3,0.01,97.7750309,97.53271028,99.08849221,40.12360939
,Random Forest,0.9,0.15,0.08,98.7144623,98.56981558,99.46828712,40.69221261
,Random Forest,0.9,0.2,0.01,98.66501854,98.56873823,99.39232814,40.84054388
,Random Forest,0.85,0.25,0.03,98.41779975,98.23507323,99.35434865,40.91470952
,Random Forest,0.8,0.3,0.03,97.8986403,97.64397906,99.1644512,41.16192831
,Random Forest,0.9,0.15,0.1,98.78862794,98.60797592,99.54424611,41.16192831
,Random Forest,0.85,0.25,0.05,98.39307787,98.1981982,99.35434865,41.43386897
,Random Forest,0.8,0.3,0.05,97.99752781,97.68310912,99.27838967,41.80469716
,Random Forest,0.85,0.25,0.08,98.39307787,98.16204051,99.39232814,42.05191595
,Random Forest,0.9,0.15,0.15,98.81334981,98.68173258,99.50626662,42.05191595
,Random Forest,0.8,0.3,0.08,98.07169345,97.79274224,99.27838967,42.24969098
,Random Forest,0.9,0.2,0.03,98.7144623,98.56981558,99.46828712,42.52163164
,Random Forest,0.8,0.3,0.1,98.12113721,97.83015339,99.31636916,42.64524104
,Random Forest,0.85,0.25,0.1,98.56613103,98.38406614,99.43030763,42.76885043
,Random Forest,0.95,0.1,0.01,99.03584672,98.94339623,99.5822256,43.01606922
,Random Forest,0.85,0.25,0.15,98.51668727,98.2739212,99.46828712,43.16440049
,Random Forest,0.8,0.3,0.15,98.14585909,97.86676647,99.31636916,43.18912237
,Random Forest,0.9,0.2,0.05,98.78862794,98.71794872,99.43030763,43.21384425
,Random Forest,0.85,0.3,0.01,98.34363412,98.12453113,99.35434865,43.53522868
,Random Forest,0.9,0.2,0.08,98.78862794,98.68123587,99.46828712,43.88133498
,Random Forest,0.9,0.25,0.01,98.68974042,98.56927711,99.43030763,44.27688504
,Random Forest,0.9,0.2,0.1,98.86279357,98.75612514,99.50626662,44.4499382
,Random Forest,0.85,0.3,0.03,98.44252163,98.27197596,99.35434865,44.87021014
,Random Forest,0.9,0.2,0.15,98.91223733,98.83062995,99.50626662,45.09270705
,Random Forest,0.85,0.3,0.05,98.46724351,98.30890643,99.35434865,45.41409147
,Random Forest,0.95,0.1,0.03,99.184178,99.09365559,99.65818458,46.00741656
,Random Forest,0.9,0.25,0.03,98.86279357,98.75612514,99.50626662,46.18046972
,Random Forest,0.85,0.3,0.08,98.54140915,98.34710744,99.43030763,46.52657602
,Random Forest,0.85,0.3,0.1,98.5908529,98.42105263,99.43030763,46.5512979
,Random Forest,0.95,0.15,0.01,99.11001236,99.12977677,99.50626662,46.65018541
,Random Forest,0.85,0.3,0.15,98.5908529,98.42105263,99.43030763,47.31767614
,Random Forest,0.9,0.25,0.05,98.96168109,98.86835157,99.54424611,47.39184178
,Random Forest,0.95,0.1,0.05,99.30778739,99.3558166,99.5822256,47.56489493
,Random Forest,0.9,0.25,0.08,99.01112485,98.90607318,99.5822256,48.1829419
,Random Forest,0.9,0.25,0.1,99.08529048,98.98113208,99.62020509,48.67737948
,Random Forest,0.9,0.3,0.01,98.83807169,98.82930514,99.39232814,48.72682324
,Random Forest,0.95,0.2,0.01,99.15945612,99.09331318,99.62020509,49.24598269
,Random Forest,0.8,0.4,0.01,98.17058096,98.08342728,99.12647171,49.36959209
,Random Forest,0.95,0.15,0.03,99.30778739,99.31843998,99.62020509,49.44375773
,Random Forest,0.95,0.1,0.08,99.33250927,99.31869796,99.65818458,49.592089
,Random Forest,0.9,0.25,0.15,99.13473424,99.05589124,99.62020509,49.64153276
,Random Forest,0.9,0.3,0.03,98.88751545,98.83018868,99.46828712,49.98763906
,Random Forest,0.8,0.4,0.03,98.2447466,98.15789474,99.1644512,50.21013597
,Random Forest,0.8,0.4,0.05,98.31891224,98.2324182,99.20243069,50.48207664
,Random Forest,0.95,0.1,0.1,99.35723115,99.31895573,99.69616407,50.48207664
,Random Forest,0.9,0.3,0.05,99.01112485,99.01701323,99.46828712,50.90234858
,Random Forest,0.8,0.4,0.08,98.34363412,98.26937547,99.20243069,50.97651422
,Random Forest,0.95,0.15,0.05,99.38195303,99.39393939,99.65818458,51.00123609
,Random Forest,0.8,0.4,0.1,98.39307787,98.30699774,99.24041018,51.14956737
,Random Forest,0.9,0.3,0.08,99.01112485,98.94299736,99.54424611,51.47095179
,Random Forest,0.8,0.4,0.15,98.41779975,98.30763445,99.27838967,51.54511743
,Random Forest,0.95,0.2,0.03,99.20889988,99.1310918,99.65818458,51.71817058
,Random Forest,0.85,0.4,0.01,98.41779975,98.30763445,99.27838967,51.8170581
,Random Forest,0.95,0.1,0.15,99.35723115,99.39370974,99.62020509,51.94066749
,Random Forest,0.9,0.3,0.1,99.11001236,99.05553457,99.5822256,51.96538937
,Random Forest,0.95,0.15,0.08,99.40667491,99.43160288,99.65818458,52.26205192
,Random Forest,0.9,0.3,0.15,99.11001236,99.05553457,99.5822256,52.53399258
,Random Forest,0.95,0.2,0.05,99.28306551,99.28084784,99.62020509,52.58343634
,Random Forest,0.95,0.15,0.1,99.40667491,99.46909367,99.62020509,52.78121137
,Random Forest,0.85,0.4,0.03,98.64029666,98.53162651,99.39232814,52.95426452
,Random Forest,0.85,0.4,0.05,98.64029666,98.56819894,99.35434865,53.20148331
,Random Forest,0.95,0.25,0.01,99.28306551,99.31818182,99.5822256,53.25092707
,Random Forest,0.95,0.2,0.08,99.25834363,99.24328415,99.62020509,53.54758962
,Random Forest,0.85,0.4,0.08,98.68974042,98.56927711,99.43030763,53.79480841
,Random Forest,0.95,0.2,0.1,99.38195303,99.39393939,99.65818458,53.94313968
,Random Forest,0.85,0.4,0.1,98.76390606,98.6440678,99.46828712,53.99258344
,Random Forest,0.95,0.15,0.15,99.38195303,99.39393939,99.65818458,54.11619283
,Random Forest,0.95,0.25,0.03,99.25834363,99.24328415,99.62020509,54.78368356
,Random Forest,0.85,0.4,0.15,98.86279357,98.79290834,99.46828712,54.88257108
,Random Forest,0.95,0.2,0.15,99.40667491,99.43160288,99.65818458,55.52533993
,Random Forest,0.9,0.4,0.01,98.91223733,98.83062995,99.50626662,55.74783684
,Random Forest,0.95,0.3,0.01,99.28306551,99.28084784,99.62020509,56.21755253
,Random Forest,0.95,0.25,0.05,99.45611867,99.46949602,99.69616407,56.76143387
,Random Forest,0.9,0.4,0.03,99.01112485,98.97997733,99.50626662,57.28059333
,Random Forest,0.95,0.25,0.08,99.45611867,99.46949602,99.69616407,57.65142151
,Random Forest,0.9,0.4,0.05,98.98640297,98.94259819,99.50626662,57.79975278
,Random Forest,0.95,0.3,0.03,99.43139679,99.43181818,99.69616407,58.31891224
,Random Forest,0.95,0.25,0.1,99.43139679,99.43181818,99.69616407,58.31891224
,Random Forest,0.9,0.4,0.08,99.0605686,99.01775595,99.54424611,58.86279357
,Random Forest,0.95,0.3,0.05,99.43139679,99.43181818,99.69616407,59.0605686
,Random Forest,0.9,0.4,0.1,99.11001236,99.0926276,99.54424611,59.23362176
,Random Forest,0.9,0.4,0.15,99.11001236,99.0926276,99.54424611,59.55500618
,Random Forest,0.95,0.25,0.15,99.48084054,99.50720243,99.69616407,59.6538937
,Random Forest,0.95,0.3,0.08,99.40667491,99.39416888,99.69616407,60.19777503
,Random Forest,0.95,0.3,0.1,99.50556242,99.50738916,99.73414356,60.66749073
,Random Forest,0.95,0.3,0.15,99.50556242,99.54493743,99.69616407,62.00247219
,Random Forest,0.95,0.4,0.01,99.35723115,99.31895573,99.69616407,62.54635352
,Random Forest,0.99,0.1,0.01,99.6538937,99.62106859,99.84808204,64.02966625
,Random Forest,0.95,0.4,0.03,99.40667491,99.43160288,99.65818458,64.07911001
,Random Forest,0.95,0.4,0.05,99.50556242,99.54493743,99.69616407,65.1421508
,Random Forest,0.95,0.4,0.08,99.48084054,99.50720243,99.69616407,65.6118665
,Random Forest,0.99,0.15,0.01,99.70333745,99.73434535,99.81010254,66.03213844
,Random Forest,0.95,0.4,0.1,99.50556242,99.54493743,99.69616407,66.50185414
,Random Forest,0.95,0.4,0.15,99.50556242,99.58254269,99.65818458,67.39184178
,Random Forest,0.99,0.2,0.01,99.70333745,99.77212305,99.77212305,67.73794808
,Random Forest,0.99,0.1,0.03,99.72805933,99.8100304,99.77212305,68.55377009
,Random Forest,0.99,0.25,0.01,99.72805933,99.77220957,99.81010254,70.03708282
,Random Forest,0.99,0.15,0.03,99.77750309,99.84802432,99.81010254,70.03708282
,Random Forest,0.99,0.1,0.05,99.75278121,99.81010254,99.81010254,71.00123609
,Random Forest,0.99,0.3,0.01,99.67861557,99.7342445,99.77212305,71.44622991
,Random Forest,0.99,0.2,0.03,99.70333745,99.73434535,99.81010254,71.66872682
,Random Forest,0.99,0.15,0.05,99.82694685,99.84813971,99.88606153,71.89122373
,Random Forest,0.99,0.2,0.05,99.77750309,99.81017464,99.84808204,73.59703337
,Random Forest,0.99,0.1,0.08,99.72805933,99.8100304,99.77212305,73.59703337
,Random Forest,0.99,0.25,0.03,99.77750309,99.88593156,99.77212305,73.72064277
,Random Forest,0.99,0.15,0.08,99.80222497,99.84808204,99.84808204,73.96786156
,Random Forest,0.99,0.3,0.03,99.77750309,99.84802432,99.81010254,74.53646477
,Random Forest,0.99,0.1,0.1,99.75278121,99.73454683,99.88606153,74.61063041
,Random Forest,0.99,0.2,0.08,99.75278121,99.81010254,99.81010254,75.42645241
,Random Forest,0.99,0.25,0.05,99.75278121,99.84796655,99.77212305,75.45117429
,Random Forest,0.99,0.3,0.05,99.80222497,99.84808204,99.84808204,75.6736712
,Random Forest,0.99,0.15,0.1,99.80222497,99.84808204,99.84808204,75.69839308
,Random Forest,0.99,0.2,0.1,99.77750309,99.81017464,99.84808204,76.11866502
,Random Forest,0.99,0.4,0.01,99.75278121,99.88588817,99.73414356,76.26699629
,Random Forest,0.99,0.15,0.15,99.90111248,99.92404102,99.92404102,77.05809642
,Random Forest,0.99,0.1,0.15,99.87639061,99.88610478,99.92404102,77.25587145
,Random Forest,0.99,0.25,0.08,99.82694685,99.88601824,99.84808204,77.40420272
,Random Forest,0.99,0.2,0.15,99.80222497,99.81024668,99.88606153,77.99752781
,Random Forest,0.99,0.3,0.08,99.80222497,99.84808204,99.84808204,78.12113721
,Random Forest,0.99,0.3,0.1,99.77750309,99.84802432,99.81010254,78.49196539
,Random Forest,0.99,0.25,0.1,99.77750309,99.88593156,99.77212305,78.76390606
,Random Forest,0.99,0.4,0.03,99.82694685,99.92395437,99.81010254,78.91223733
,Random Forest,0.99,0.4,0.05,99.80222497,99.88597491,99.81010254,79.6538937
,Random Forest,0.99,0.3,0.15,99.85166873,99.84819734,99.92404102,80.59332509
,Random Forest,0.99,0.25,0.15,99.90111248,99.96199164,99.88606153,80.91470952
,Random Forest,0.99,0.4,0.08,99.80222497,99.88597491,99.81010254,81.01359703
,Random Forest,0.99,0.4,0.1,99.82694685,99.92395437,99.81010254,82.02719407
,Random Forest,0.99,0.4,0.15,99.90111248,99.92404102,99.92404102,83.75772559
,SVM,0.8,0.1,0.01,95.57478368,95.47813195,97.83516901,17.03337454
,SVM,0.8,0.15,0.01,95.79728059,95.79769431,97.83516901,21.06304079
,SVM,0.8,0.2,0.01,96.41532756,96.41791045,98.13900494,26.52657602
,SVM,0.8,0.25,0.01,97.00865266,96.90067214,98.55677934,31.37206428
,SVM,0.8,0.3,0.01,97.18170581,97.22534683,98.48082036,36.19283066
,SVM,0.8,0.4,0.01,97.40420272,97.44744745,98.59475883,45.36464771
,SVM,0.8,0.1,0.03,95.87144623,95.66666667,98.10102545,18.26946848
,SVM,0.8,0.15,0.03,96.0197775,95.94795539,98.02506646,22.07663782
,SVM,0.8,0.2,0.03,96.66254635,96.74401198,98.17698443,27.31767614
,SVM,0.8,0.25,0.03,97.10754017,96.94029851,98.67071781,32.13844252
,SVM,0.8,0.3,0.03,97.3053152,97.2659176,98.63273832,36.76143387
,SVM,0.8,0.4,0.03,97.65142151,97.56371814,98.86061527,45.93325093
,SVM,0.8,0.1,0.05,95.94561187,95.87513935,97.98708697,18.83807169
,SVM,0.8,0.15,0.05,96.1433869,96.05801413,98.10102545,22.79357231
,SVM,0.8,0.2,0.05,96.76143387,96.78384443,98.2909229,27.8368356
,SVM,0.8,0.25,0.05,97.15698393,97.01269604,98.67071781,32.43510507
,SVM,0.8,0.3,0.05,97.47836836,97.34380845,98.82263578,36.9592089
,SVM,0.8,0.4,0.05,97.60197775,97.45508982,98.89859476,46.13102596
,SVM,0.8,0.1,0.08,96.04449938,95.84723767,98.17698443,19.50556242
,SVM,0.8,0.15,0.08,96.26699629,96.20253165,98.13900494,23.65883807
,SVM,0.8,0.2,0.08,96.90976514,96.96629213,98.32890239,28.45488257
,SVM,0.8,0.25,0.08,97.33003708,97.05553485,98.89859476,33.30037083
,SVM,0.8,0.3,0.08,97.50309023,97.38023952,98.82263578,37.65142151
,SVM,0.8,0.4,0.08,97.67614339,97.52901535,98.93657425,46.37824475
,SVM,0.8,0.1,0.1,96.19283066,95.95847238,98.2909229,20.61804697
,SVM,0.8,0.15,0.1,96.39060569,96.20958751,98.32890239,24.22744129
,SVM,0.8,0.2,0.1,96.9592089,96.96856287,98.40486137,28.92459827
,SVM,0.8,0.25,0.1,97.37948084,97.12793734,98.89859476,33.49814586
,SVM,0.8,0.3,0.1,97.50309023,97.38023952,98.82263578,37.65142151
,SVM,0.8,0.4,0.1,97.72558714,97.5308642,99.01253323,46.62546354
,SVM,0.8,0.1,0.15,96.21755253,95.95997035,98.32890239,21.21137206
,SVM,0.8,0.15,0.15,96.34116193,96.20676832,98.25294341,23.75772559
,SVM,0.8,0.2,0.15,96.9592089,96.93343306,98.44284087,28.80098888
,SVM,0.8,0.25,0.15,97.35475896,97.12686567,98.86061527,33.39925834
,SVM,0.8,0.3,0.15,97.52781211,97.34579439,98.89859476,37.72558714
,SVM,0.8,0.4,0.15,97.70086527,97.56554307,98.93657425,46.4276885
,SVM,0.85,0.1,0.01,96.66254635,96.53502235,98.40486137,19.72805933
,SVM,0.85,0.15,0.01,96.66254635,96.56972409,98.36688188,23.93077874
,SVM,0.85,0.2,0.01,97.10754017,97.01046338,98.59475883,28.75154512
,SVM,0.85,0.25,0.01,97.47836836,97.45031871,98.7086973,33.64647713
,SVM,0.85,0.3,0.01,97.67614339,97.60029996,98.86061527,38.09641533
,SVM,0.85,0.4,0.01,98.02224969,98.07909605,98.89859476,46.92212608
,SVM,0.85,0.1,0.03,96.86032138,96.82361734,98.40486137,21.08776267
,SVM,0.85,0.15,0.03,96.81087763,96.75130695,98.40486137,24.64771323
,SVM,0.85,0.2,0.03,97.20642769,97.08520179,98.67071781,29.27070457
,SVM,0.85,0.25,0.03,97.62669963,97.56280465,98.82263578,34.3881335
,SVM,0.85,0.3,0.03,97.87391842,97.78611632,98.97455374,38.96168109
,SVM,0.85,0.4,0.03,98.12113721,98.1181784,99.01253323,47.58961681
,SVM,0.85,0.1,0.05,96.73671199,96.67786487,98.36688188,21.4091471
,SVM,0.85,0.15,0.05,96.9592089,96.86333084,98.51879985,25.63658838
,SVM,0.85,0.2,0.05,97.23114957,97.12149533,98.67071781,29.83930779
,SVM,0.85,0.25,0.05,97.72558714,97.56645451,98.97455374,35.03090235
,SVM,0.85,0.3,0.05,97.8986403,97.75112444,99.05051272,39.23362176
,SVM,0.85,0.4,0.05,98.22002472,98.19345126,99.08849221,48.08405439
,SVM,0.85,0.1,0.08,97.05809642,96.86800895,98.67071781,22.99134734
,SVM,0.85,0.15,0.08,96.88504326,96.75494219,98.51879985,25.51297899
,SVM,0.85,0.2,0.08,97.3053152,97.19521316,98.7086973,30.11124845
,SVM,0.85,0.25,0.08,97.7750309,97.67529059,98.93657425,35.62422744
,SVM,0.85,0.3,0.08,97.92336218,97.82363977,99.01253323,39.62917182
,SVM,0.85,0.4,0.08,98.26946848,98.23108769,99.12647171,48.3065513
,SVM,0.85,0.1,0.1,97.03337454,96.86684073,98.63273832,22.86773795
,SVM,0.85,0.15,0.1,97.08281829,96.83426443,98.74667679,26.82323857
,SVM,0.85,0.2,0.1,97.33003708,97.26694122,98.67071781,30.70457355
,SVM,0.85,0.25,0.1,97.82447466,97.74859287,98.93657425,36.19283066
,SVM,0.85,0.3,0.1,98.04697157,97.89947487,99.12647171,40.04944376
,SVM,0.85,0.4,0.1,98.31891224,98.2324182,99.20243069,48.55377009
,SVM,0.85,0.1,0.15,97.25587145,96.98211624,98.86061527,25.11742892
,SVM,0.85,0.15,0.15,97.15698393,96.83779762,98.86061527,27.0210136
,SVM,0.85,0.2,0.15,97.4289246,97.30639731,98.78465629,31.02595797
,SVM,0.85,0.25,0.15,97.99752781,97.86196549,99.08849221,36.93448702
,SVM,0.85,0.3,0.15,98.04697157,97.89947487,99.12647171,40.22249691
,SVM,0.85,0.4,0.15,98.31891224,98.2324182,99.20243069,48.62793572
,SVM,0.9,0.1,0.01,97.50309023,97.45127436,98.74667679,24.22744129
,SVM,0.9,0.15,0.01,97.33003708,97.26694122,98.67071781,27.3671199
,SVM,0.9,0.2,0.01,97.70086527,97.6011994,98.89859476,31.94066749
,SVM,0.9,0.25,0.01,98.04697157,97.97145004,99.05051272,37.15698393
,SVM,0.9,0.3,0.01,98.09641533,98.15373022,98.93657425,41.31025958
,SVM,0.9,0.4,0.01,98.44252163,98.45399698,99.1644512,49.74042027
,SVM,0.9,0.1,0.03,97.75030902,97.56736527,99.01253323,25.56242274
,SVM,0.9,0.15,0.03,97.62669963,97.52716373,98.86061527,28.80098888
,SVM,0.9,0.2,0.03,97.75030902,97.71021021,98.86061527,32.73176761
,SVM,0.9,0.25,0.03,98.14585909,98.01051051,99.1644512,37.82447466
,SVM,0.9,0.3,0.03,98.26946848,98.19481008,99.1644512,41.95302843
,SVM,0.9,0.4,0.03,98.51668727,98.45574388,99.27838967,50.38318912
,SVM,0.9,0.1,0.05,97.7750309,97.60389367,99.01253323,26.32880099
,SVM,0.9,0.15,0.05,97.70086527,97.67267267,98.82263578,29.32014833
,SVM,0.9,0.2,0.05,97.79975278,97.74774775,98.89859476,33.15203956
,SVM,0.9,0.25,0.05,98.17058096,98.08342728,99.12647171,38.66501854
,SVM,0.9,0.3,0.05,98.34363412,98.23308271,99.24041018,42.39802225
,SVM,0.9,0.4,0.05,98.66501854,98.56873823,99.39232814,51.02595797
,SVM,0.9,0.1,0.08,97.75030902,97.56736527,99.01253323,27.3671199
,SVM,0.9,0.15,0.08,97.65142151,97.45699327,98.97455374,29.69097651
,SVM,0.9,0.2,0.08,97.8986403,97.78694674,99.01253323,33.89369592
,SVM,0.9,0.25,0.08,98.29419036,98.08702176,99.31636916,39.30778739
,SVM,0.9,0.3,0.08,98.368356,98.23374671,99.27838967,42.71940667
,SVM,0.9,0.4,0.08,98.66501854,98.60535243,99.35434865,51.37206428
,SVM,0.9,0.1,0.1,97.65142151,97.49251497,98.93657425,27.31767614
,SVM,0.9,0.15,0.1,97.75030902,97.6744186,98.89859476,30.33374536
,SVM,0.9,0.2,0.1,97.97280593,97.86116323,99.05051272,34.21508035
,SVM,0.9,0.25,0.1,98.22002472,98.01274841,99.27838967,38.83807169
,SVM,0.9,0.3,0.1,98.41779975,98.23507323,99.35434865,43.18912237
,SVM,0.9,0.4,0.1,98.66501854,98.56873823,99.39232814,51.6934487
,SVM,0.9,0.1,0.15,97.99752781,97.79026217,99.1644512,29.64153276
,SVM,0.9,0.15,0.15,97.8986403,97.67964072,99.12647171,31.8170581
,SVM,0.9,0.2,0.15,98.09641533,97.93698425,99.1644512,35.82200247
,SVM,0.9,0.25,0.15,98.29419036,98.12312312,99.27838967,40.51915946
,SVM,0.9,0.3,0.15,98.44252163,98.27197596,99.35434865,43.78244747
,SVM,0.9,0.4,0.15,98.68974042,98.60587792,99.39232814,51.54511743
,SVM,0.95,0.1,0.01,98.39307787,98.34337349,99.20243069,34.28924598
,SVM,0.95,0.15,0.01,98.368356,98.30636056,99.20243069,35.6736712
,SVM,0.95,0.2,0.01,98.56613103,98.60324651,99.20243069,40.37082818
,SVM,0.95,0.25,0.01,98.83807169,98.82930514,99.39232814,46.13102596
,SVM,0.95,0.3,0.01,98.91223733,98.9044201,99.43030763,49.36959209
,SVM,0.95,0.4,0.01,99.01112485,99.05410518,99.43030763,56.78615575
,SVM,0.95,0.1,0.03,98.73918418,98.68024133,99.39232814,38.19530284
,SVM,0.95,0.15,0.03,98.54140915,98.41986456,99.35434865,37.45364648
,SVM,0.95,0.2,0.03,98.73918418,98.60692771,99.46828712,42.52163164
,SVM,0.95,0.25,0.03,98.96168109,98.90524726,99.50626662,48.10877627
,SVM,0.95,0.3,0.03,99.03584672,98.98036254,99.54424611,50.58096415
,SVM,0.95,0.4,0.03,99.08529048,99.09228442,99.50626662,57.65142151
,SVM,0.95,0.1,0.05,98.7144623,98.60640301,99.43030763,38.7144623
,SVM,0.95,0.15,0.05,98.66501854,98.49567507,99.46828712,39.5302843
,SVM,0.95,0.2,0.05,98.64029666,98.56819894,99.35434865,42.47218789
,SVM,0.95,0.25,0.05,99.0605686,99.01775595,99.54424611,48.87515451
,SVM,0.95,0.3,0.05,98.98640297,98.94259819,99.50626662,50.90234858
,SVM,0.95,0.4,0.05,99.11001236,99.12977677,99.50626662,58.09641533
,SVM,0.95,0.1,0.08,98.7144623,98.67974349,99.35434865,39.92583436
,SVM,0.95,0.15,0.08,98.5908529,98.45748683,99.39232814,40.3461063
,SVM,0.95,0.2,0.08,98.76390606,98.6440678,99.46828712,43.55995056
,SVM,0.95,0.25,0.08,99.08529048,99.01812689,99.5822256,49.51792336
,SVM,0.95,0.3,0.08,98.93695921,98.97881997,99.39232814,51.79233622
,SVM,0.95,0.4,0.08,99.15945612,99.13043478,99.5822256,58.98640297
,SVM,0.95,0.1,0.1,98.86279357,98.75612514,99.50626662,42.17552534
,SVM,0.95,0.15,0.1,98.64029666,98.4951091,99.43030763,39.92583436
,SVM,0.95,0.2,0.1,98.64029666,98.60482655,99.31636916,43.60939431
,SVM,0.95,0.25,0.1,99.0605686,99.05482042,99.50626662,50.33374536
,SVM,0.95,0.3,0.1,99.0605686,99.01775595,99.54424611,52.01483313
,SVM,0.95,0.4,0.1,99.184178,99.16792738,99.5822256,59.28306551
,SVM,0.95,0.1,0.15,98.93695921,98.83107089,99.54424611,43.46106304
,SVM,0.95,0.15,0.15,98.73918418,98.53383459,99.54424611,42.24969098
,SVM,0.95,0.2,0.15,98.7144623,98.64304561,99.39232814,44.59826947
,SVM,0.95,0.25,0.15,99.13473424,99.09297052,99.5822256,51.94066749
,SVM,0.95,0.3,0.15,99.0605686,99.01775595,99.54424611,53.49814586
,SVM,0.95,0.4,0.15,99.23362176,99.24299773,99.5822256,60
,SVM,0.99,0.1,0.01,99.60444994,99.73394147,99.65818458,73.30037083
,SVM,0.99,0.15,0.01,99.67861557,99.7342445,99.77212305,73.64647713
,SVM,0.99,0.2,0.01,99.72805933,99.8100304,99.77212305,75.89616811
,SVM,0.99,0.25,0.01,99.6538937,99.77194983,99.69616407,77.4289246
,SVM,0.99,0.3,0.01,99.67861557,99.77203647,99.73414356,78.07169345
,SVM,0.99,0.4,0.01,99.80222497,99.96193376,99.73414356,81.73053152
,SVM,0.99,0.1,0.03,99.67861557,99.77203647,99.73414356,75.52533993
,SVM,0.99,0.15,0.03,99.72805933,99.8100304,99.77212305,76.31644005
,SVM,0.99,0.2,0.03,99.6538937,99.77194983,99.69616407,76.26699629
,SVM,0.99,0.25,0.03,99.62917182,99.73404255,99.69616407,77.87391842
,SVM,0.99,0.3,0.03,99.72805933,99.8100304,99.77212305,79.11001236
,SVM,0.99,0.4,0.03,99.77750309,99.96191927,99.69616407,82.49690977
,SVM,0.99,0.1,0.05,99.6538937,99.80981362,99.65818458,75.52533993
,SVM,0.99,0.15,0.05,99.77750309,99.88593156,99.77212305,77.70086527
,SVM,0.99,0.2,0.05,99.75278121,99.84796655,99.77212305,77.50309023
,SVM,0.99,0.25,0.05,99.72805933,99.8100304,99.77212305,79.28306551
,SVM,0.99,0.3,0.05,99.67861557,99.77203647,99.73414356,79.01112485
,SVM,0.99,0.4,0.05,99.85166873,99.96196272,99.81010254,83.0407911
,SVM,0.99,0.1,0.08,99.80222497,99.88597491,99.81010254,78.26946848
,SVM,0.99,0.15,0.08,99.70333745,99.77212305,99.77212305,77.40420272
,SVM,0.99,0.2,0.08,99.82694685,99.88601824,99.84808204,78.83807169
,SVM,0.99,0.25,0.08,99.70333745,99.77212305,99.77212305,78.68974042
,SVM,0.99,0.3,0.08,99.80222497,99.88597491,99.81010254,81.4091471
,SVM,0.99,0.4,0.08,99.87639061,99.96197719,99.84808204,84.05438813
,SVM,0.99,0.1,0.1,99.77750309,99.84802432,99.81010254,78.19530284
,SVM,0.99,0.15,0.1,99.80222497,99.88597491,99.81010254,79.33250927
,SVM,0.99,0.2,0.1,99.72805933,99.8100304,99.77212305,76.98393078
,SVM,0.99,0.25,0.1,99.80222497,99.88597491,99.81010254,80.22249691
,SVM,0.99,0.3,0.1,99.70333745,99.80995819,99.73414356,79.87639061
,SVM,0.99,0.4,0.1,99.87639061,99.96197719,99.84808204,84.91965389
,SVM,0.99,0.1,0.15,99.80222497,99.88597491,99.81010254,80.71693449
,SVM,0.99,0.15,0.15,99.82694685,99.88601824,99.84808204,79.38195303
,SVM,0.99,0.2,0.15,99.85166873,99.92398328,99.84808204,80.4697157
,SVM,0.99,0.25,0.15,99.82694685,99.88601824,99.84808204,82.1013597
,SVM,0.99,0.3,0.15,99.80222497,99.88597491,99.81010254,82.29913473
,SVM,0.99,0.4,0.15,99.87639061,99.96197719,99.84808204,84.35105068
